86.0847	97.8700	84.0930	105.5912	101.1006	99.4636	88.0443	82.0000
87.2177	97.2300	83.2931	104.6913	101.4085	100.6056	88.3611	82.2000
88.3354	99.1600	86.0928	105.1912	101.7165	102.1630	88.9425	83.3000
88.1620	98.7600	87.6927	106.0912	102.9481	102.1630	89.2732	82.6000
90.3472	99.5500	90.3925	106.4911	102.5376	102.0592	90.5758	82.7000
90.9283	99.1500	90.0925	109.0909	101.9217	101.0209	90.7102	83.1000
90.9583	99.8800	89.4925	108.7909	103.1534	101.2286	91.1078	83.2000
90.9823	98.7200	90.9924	112.2906	103.6666	101.9554	91.3875	83.7000
90.5465	100.0300	92.3923	107.9910	105.0010	102.1630	91.5977	84.5000
91.3101	99.8500	94.3921	108.3910	102.0244	102.7859	91.3549	86.2000
91.3382	101.1600	93.8922	109.0909	103.7693	102.9936	91.3812	85.7000
93.0664	102.4700	95.3921	109.8908	104.0772	103.3051	92.2664	86.0000
92.8516	103.6600	95.1921	107.8910	104.7957	103.6165	92.1478	86.8000
92.4757	104.0300	96.2920	110.5908	105.2062	102.2668	91.7435	86.6000
93.5282	102.7200	96.8919	110.8908	88.5785	102.2668	92.6549	86.5000
93.8915	100.9800	97.4919	111.8907	90.2208	101.1248	92.3229	87.6000
92.2472	104.2700	98.6918	109.7909	96.1739	102.0592	92.5333	87.6000
92.8211	101.4700	97.0919	108.8909	100.0742	102.0592	92.8000	88.4000
94.4664	102.5600	100.0917	108.4910	100.9980	101.8515	93.2935	88.5000
95.4654	101.7100	99.2917	107.8910	102.5376	101.4362	93.8159	88.4000
96.1077	100.9800	97.7919	107.2911	101.9217	101.1248	93.7932	88.5000
95.4710	101.1800	98.8918	106.0912	103.5640	101.1248	94.4394	89.1000
95.2256	103.2300	98.1918	106.8911	101.5112	100.8133	94.3636	89.0000
96.1387	101.1800	96.7919	107.6910	103.5640	100.7095	94.8864	89.6000
96.1497	100.7300	97.2919	103.6914	103.8719	100.8133	95.4674	89.8000
94.0611	101.6000	97.1919	103.9913	103.6666	100.5018	95.6862	90.4000
94.2259	100.6700	98.3918	104.3913	103.4613	99.5674	95.2394	89.9000
95.0721	100.9800	96.5920	102.8914	102.9481	99.7750	95.9555	89.9000
95.0180	99.5400	98.4918	104.1913	101.1006	100.2942	96.1397	90.6000
94.4717	98.7400	97.2919	102.1915	100.3821	98.2177	96.1209	90.8000
94.1149	99.4400	98.3918	103.1914	99.8689	101.0209	96.3731	91.4000
93.1683	101.6400	98.3918	102.6914	98.6373	100.3980	95.9126	92.5000
92.8551	99.4300	97.0919	102.3915	96.4818	97.1794	95.9596	91.7000
92.8318	97.9500	95.7920	100.5916	96.7897	97.0756	96.1630	91.3000
93.7802	97.9000	95.0921	99.1917	96.0713	97.6986	96.6264	91.4000
93.3727	98.8400	95.8920	99.8917	97.4056	98.4253	96.9675	91.7000
94.0956	98.6000	94.6921	99.9917	95.3921	97.4909	96.8390	89.3000
95.0975	99.7100	95.4920	99.2917	96.9919	97.3871	97.3952	89.9000
95.6882	99.8600	96.7919	98.8918	97.8918	97.9062	97.7908	93.0000
95.0245	101.4500	97.0919	98.0918	98.0918	97.1794	97.6227	92.2000
94.8246	101.1000	96.4920	99.7917	99.5917	97.8024	97.7295	93.9000
94.5341	99.8200	98.1918	99.6917	98.5918	98.3215	97.9287	92.5000
94.9177	99.1200	96.4920	99.4917	100.0917	98.5292	97.5113	92.1000
95.7447	98.3400	98.6918	97.9918	100.3916	98.0100	98.1551	91.6000
96.5333	98.9200	98.1918	99.6917	101.1916	99.1521	98.6607	93.1000
97.8771	99.0600	97.4919	100.1917	101.4915	98.9445	98.4879	92.9000
97.5411	100.7600	99.6917	99.7917	101.8915	98.9445	98.7768	95.6000
96.6979	99.5300	99.7917	98.6918	101.8915	98.9445	99.0769	96.3000
97.0523	97.9800	99.2917	100.3916	103.5914	99.2559	98.6651	89.9000
98.8558	99.4900	99.3917	99.5917	102.8914	99.6712	99.5008	92.6000
99.1696	98.7800	99.7917	98.4918	104.2913	99.3598	100.4586	91.8000
100.4639	99.1400	99.3917	99.4917	99.7917	99.7750	100.5049	94.2000
100.7293	96.9400	98.6918	97.9918	101.8915	99.4636	100.8681	93.7000
101.5771	99.0200	98.7918	99.8917	100.5916	99.6712	101.2455	94.9000
100.9872	100.3500	100.8916	98.4918	100.3916	100.1903	101.4449	94.7000
99.3079	98.1200	96.6919	97.2919	99.4917	99.4636	101.3324	94.8000
101.2130	99.1700	99.0917	97.9918	100.5916	99.9827	101.6352	96.4000
102.0271	97.6300	99.2917	97.7919	100.5916	99.5674	101.6562	97.6000
101.6582	96.6300	99.3917	97.7919	100.5916	99.6712	102.4512	97.7000
102.0696	99.4800	101.0916	98.7918	100.1917	99.8789	102.3024	100.5000
101.3863	99.5000	98.7918	98.2918	102.6914	99.3598	101.7954	100.7000
100.7461	100.0900	99.3917	99.1917	99.7917	99.9827	101.2785	99.8000
100.1431	99.8800	99.3917	99.4917	99.2917	100.5018	100.9941	99.6000
99.2761	99.3900	99.9917	99.6917	99.6917	100.7095	100.3994	99.3000
98.3550	100.2400	100.0917	100.4916	99.6917	100.6056	99.9643	99.7000
99.1565	100.2200	100.0917	99.9917	100.4916	100.7095	99.6216	99.8000
100.6175	99.1300	101.4915	100.9916	100.3916	99.5674	100.2045	100.2000
101.7066	99.7900	98.7918	98.8918	98.7918	99.8789	100.0487	100.9000
99.5500	101.2000	99.1917	99.8917	100.4916	100.5018	99.6786	100.1000
99.3266	101.5100	100.1917	99.9917	100.5916	100.1903	99.3144	100.6000
99.6455	99.3100	99.1917	100.5916	99.9917	99.2559	98.6315	100.1000
100.0907	99.7500	99.9917	98.6918	98.0918	98.6330	98.0694	99.6000
100.6980	101.5900	101.8915	101.6915	100.2916	99.4636	98.8869	100.0000
99.7734	100.6500	101.7915	100.4916	99.4917	98.9445	98.1857	99.7000
98.7568	100.1500	100.4916	100.5916	99.8917	99.8789	97.4106	100.8000
99.0120	101.2000	101.2916	102.0915	99.1917	102.7859	97.5078	100.0000
95.2192	99.6300	99.3917	100.4916	98.6918	101.8515	97.4243	100.2000
97.6963	99.3100	101.6915	99.3917	99.1917	101.2286	97.8516	100.7000
100.2574	99.0500	99.9917	101.2916	99.6917	101.0209	98.0992	101.8000
100.6643	100.9000	101.6915	102.0915	100.5916	100.9171	98.0111	101.7000
101.8497	100.0400	101.4915	101.9915	100.9916	101.4362	98.0178	102.4000
101.3074	99.5700	102.0915	102.3915	101.0916	100.1903	98.2107	104.1000
102.5795	102.2300	101.7915	103.3914	102.0915	101.7477	98.0207	104.9000
102.8088	100.8800	99.9917	104.8913	101.4915	103.3051	98.8634	104.2000
103.7500	101.3400	101.5915	101.9915	100.6916	103.4089	98.9676	105.4000
103.1970	100.1700	102.8914	103.0914	101.3916	102.1630	98.5943	104.4000
103.2794	101.3000	102.3915	103.8913	101.4915	101.5401	99.2619	104.5000
104.0592	101.0700	103.5914	103.6914	103.7914	101.6439	100.1543	105.1000
105.3803	103.2800	104.0913	104.2913	102.1915	102.1630	100.2896	106.4000
105.5649	102.0900	104.1913	105.6912	102.9914	102.4745	100.4548	106.7000
105.9499	102.6300	104.6913	106.3911	102.4915	102.5783	100.4143	106.4000
104.7596	102.7700	106.9911	108.1910	103.7914	102.4745	99.9386	106.7000
105.2452	103.7200	105.9912	105.2912	102.5915	104.1357	99.9412	107.0000
104.4886	104.1300	104.2913	105.7912	103.1914	103.9280	101.4574	105.8000
105.8889	104.6700	108.2910	107.4910	103.9913	104.1357	101.9994	105.9000
106.8175	105.7700	107.7910	110.4908	105.4912	103.7204	102.3288	105.0000
106.2468	102.0400	107.0911	106.3911	101.2916	104.3433	102.0690	108.3000
107.6217	103.3100	105.4912	106.0912	103.7914	104.3433	102.4306	107.5000
108.6889	104.1500	106.6911	107.5910	104.8913	104.0318	103.0165	108.3000
108.9155	102.9000	106.0912	105.9912	104.2913	104.3433	103.9486	107.9000
109.1699	101.9400	107.9910	106.5911	104.5913	103.3051	103.1240	110.3000
110.2314	103.8000	107.8910	107.0911	103.5914	104.0318	103.8990	109.8000
111.1659	103.6400	105.5912	106.1912	103.7914	104.4471	104.3613	109.6000
111.0956	104.1800	105.8912	106.9911	103.5914	104.0318	105.1994	109.3000
110.7847	103.0000	105.5912	107.1911	103.2914	104.2395	105.3438	109.8000
111.0137	103.8200	105.3912	106.6911	105.2912	103.3051	105.5758	110.6000
110.0361	103.0300	103.4914	105.0912	104.0913	102.6821	106.1427	110.6000
109.2772	104.2000	104.6913	105.4912	104.3913	102.6821	106.1859	111.5000
108.4952	104.7200	103.4914	105.7912	102.3915	103.5127	105.7699	111.5000
107.8469	104.6700	103.8913	106.6911	102.8914	103.8242	105.2364	111.4000
109.8168	104.2400	104.6913	105.6912	102.4915	105.0701	105.3497	111.8000
111.9530	104.3800	101.8915	104.5913	102.6914	101.8515	104.6848	112.5000
112.0589	105.9000	102.8914	106.0912	103.8913	103.0974	104.9130	112.5000
111.3652	103.4600	101.8915	105.7912	101.3916	102.7859	104.9620	114.1000
109.2202	104.0000	101.3916	106.4911	101.7915	102.4745	104.7774	113.7000
108.8654	102.8800	101.6915	105.5912	100.4916	101.4362	105.5161	113.9000
108.5508	103.9800	100.5916	105.0912	102.4915	101.9554	105.1494	114.5000
108.9264	103.6100	99.3917	103.9913	98.2918	102.5783	104.7215	115.2000
108.4572	103.5700	99.8917	104.7913	97.6919	101.3324	105.6933	113.2000
108.0364	101.2100	98.1918	101.9915	97.7919	100.9171	105.3225	113.0000
108.1998	101.3800	100.5916	104.6913	98.0918	101.2286	104.8728	113.0000
108.7873	103.2300	102.0915	103.2914	98.3918	101.3324	104.9804	114.1000
103.5630	85.3000	90.9924	74.2938	96.2920	96.0374	100.3945	113.6000
89.3892	67.8000	70.8941	58.4951	87.0927	77.0375	87.6617	107.1000
92.8840	80.9400	79.1934	84.0930	78.2935	81.9173	88.4258	104.6000
97.5299	91.2800	88.2926	91.2924	82.0932	90.5347	93.9397	105.3000
100.4591	94.6100	89.9925	98.3918	87.3927	95.6221	97.8842	107.2000
99.5053	95.4700	89.6925	105.0912	89.8925	96.5565	98.8254	109.3000
101.1536	97.1100	91.8923	100.3916	91.9923	97.0756	98.7431	109.3000
101.1512	98.9700	95.0921	101.8915	93.6922	97.8024	99.7929	109.3000
103.6438	98.5400	96.2920	100.6916	93.9922	98.6330	100.6920	111.4000
104.8161	98.0500	97.6919	100.9916	94.0922	98.6330	101.7177	114.1000
106.3204	101.3700	97.0919	102.2915	96.6919	96.7641	102.6643	112.1000
104.4659	96.6900	95.2921	102.3915	95.3921	97.8024	99.9735	113.4000
105.2918	97.6200	95.9920	102.6914	97.0919	99.4636	101.4135	114.2000
